22579
4570
24964
29096
34835
15960
12517
33967
42187
48279
28130
32257
19982
34923
32277
18582
39789
13301
14695
11238
37807
34782
13220
8607
4320
22909
1737
38401
45776
13688
21661
39755
40879
47976
8477
27470
45242
8451
25765
25356
19033
14743
9631
49497
15043
23954
42185
26673
2665
47763
27457
24240
7011
49888
30046
9843
5265
36933
10516
48929
43630
28712
30379
17734
22148
11753
11449
2626
45282
10162
34891
37305
15449
39647
37821
18131
9152
25690
1226
44048
33342
20558
29373
16042
23621
41727
38737
7582
35038
45689
31752
35340
40791
32043
19802
27139
14281
28881
34901
33191
34439
27276
43752
5127
45213
16295
42900
10398
27394
28627
24663
21557
17754
41760
35547
16390
23908
49141
10708
25966
22242
32697
20081
277
3360
44970
26582
11881
8957
24604
10070
13687
9430
49855
22438
36195
27257
20771
15825
47827
2219
36924
12452
12560
33094
25203
28401
49294
41331
15765
21007
9974
49641
15581
20522
47146
40074
7647
44483
24498
40800
1170
14214
49350
5031
8051
15659
2662
42682
30101
14586
26785
29363
15524
35692
28408
32820
44891
935
45094
14534
26584
25509
7071
3722
6863
39478
43785
23822
7182
43761
32848
19933
30801
38548
790
39692
32897
15755
49354
3939
3418
43667
29416
23285
22181
45158
31554
47535
416
14449
27979
48464
13317
12790
24704
6163
46953
28145
26389
47954
31643
19570
1845
29140
4013
49492
21828
18068
47888
40821
29235
22986
48995
28799
35843
28025
26407
31092
12644
44542
43737
49448
40320
49558
3676
9385
8731
15769
4755
34238
24284
44794
12632
22246
21487
29966
11725
33668
13903
1562
41955
26159
32999
36700
229
24789
44695
14179
37537
2677
19440
12446
5809
15501
42023
27188
39869
26886
14946
28184
34495
2436
18709
5939
25454
33099
36397
8670
24623
27323
39126
8775
17878
42027
6740
38839
7781
16607
25250
38394
49555
28030
8285
12494
28920
9320
7732
10786
4414
49496
18552
29454
3569
301
31794
41099
7547
6645
29242
22143
13791
36783
13653
36360
36845
42675
43745
40380
48068
32652
11368
42790
8854
31997
34102
28484
36354
49734
40442
33322
35539
49256
6635
12569
46826
8972
1299
45037
49474
20262
28495
38623
12388
6095
43045
31377
3348
9902
26444
36168
25279
2714
37418
33228
30941
48878
48450
3781
22536
15847
12370
2702
16415
42877
42845
13234
10038
18445
30789
9977
10170
5209
31130
4600
46102
6171
11246
9565
1863
30324
6555
13652
11016
45072
42609
5986
6826
8366
26387
17186
23675
5962
24069
17417
18594
35485
12246
33350
870
26567
38923
32095
9978
47535
29982
19146
23558
45908
5813
22190
35329
48855
13257
46938
21558
15397
45055
22895
26682
26680
26698
19011
24327
49209
40751
30107
34963
36957
17377
24883
37940
30236
34723
46475
40214
27863
18405
48062
19355
7787
48580
41789
34268
33236
36422
39088
21653
43475
11930
28559
37451
16862
19824
36524
46042
33787
4932
10243
1085
43928
25475
35756
21748
44611
49985
49361
42297
8926
23971
8687
42089
30613
990
36202
48544
15814
24928
43499
7667
37748
28952
16019
40695
34093
19316
24150
21743
1501
35448
28616
34338
49735
19956
9789
32157
14085
14401
39403
49707
18708
43947
12218
33467
11269
28825
40148
34230
43568
6507
47728
7418
31972
24164
8594
10783
43459
12796
27393
40792
37097
34877
320
13808
6539
12081
44993
12480
384
34818
3572
27863
15439
36415
30720
2498
11804
24803
19570
16787
15860
2130
42772
46751
33916
27544
40403
807
48891
30597
3262
19724
47330
8021
30203
43433
12799
14496
39430
25754
33950
4495
20080
6418
3299
3639
45669
5814
11850
2691
10065
21018
20629
26962
43658
2974
32336
3541
21604
15775
4033
27556
8681
26845
27057
35113
9425
9564
24191
35603
17219
23280
34792
30816
16665
12415
24322
12934
11815
33448
22591
2990
41322
43106
3805
17330
42924
17039
6212
30083
6174
13139
4027
10650
30450
14487
6263
47331
18803
38012
33389
23828
650
12621
2782
34557
13098
26156
4027
26062
15989
5222
18990
11207
45937
10612
21133
4484
32503
49799
27918
45966
11723
19094
26593
46202
22851
49862
40517
29519
42194
13502
7700
25268
46773
40136
32050
6344
2045
2614
26059
9293
22628
41718
10459
6811
21620
35842
28760
19715
17115
19702
19912
36897
10223
7733
22983
27121
12726
24608
5284
8133
40737
24364
11877
6015
38286
21859
22348
19400
42574
26150
24509
18744
41498
46537
20745
6503
5769
45012
10031
46405
18390
48631
30050
22416
43294
41039
20967
39463
39848
49792
8278
34193
1701
29762
14053
24487
38244
43597
19273
2740
25697
42214
23683
5070
31000
19101
20763
26944
33025
49654
26116
120
39527
3517
47400
33650
42681
33891
31862
9235
10513
21650
13766
35583
20908
6713
38724
1312
4489
26274
32533
8344
28940
6280
21877
39190
18918
17059
20435
28593
8825
43020
41422
7757
28390
17115
23721
8380
37178
6430
12351
16609
19669
10744
47563
47161
11959
46740
13103
21500
3713
6444
45183
7572
44759
17956
39432
33623
15419
45190
29030
43957
48675
25388
35917
14310
100
25899
40653
40298
37349
32648
25990
14965
6851
6686
37504
4377
25380
3099
31043
44592
13023
39506
46317
47628
45182
16938
11621
27836
28958
13948
48476
10498
38861
27274
28907
13710
41205
9553
39623
11941
37904
23862
197
8675
9147
49683
16995
42325
27197
49057
341
28052
14941
20786
46324
3658
34725
40155
42588
35990
40922
39103
15147
6602
49123
36224
45747
10440
368
21912
42105
13356
21695
45309
11441
13340
17623
40681
764
21587
17184
48338
42460
30713
27154
39288
42045
5184
14012
15055
43962
39869
13239
30027
40665
333
7475
9458
9370
18219
33106
38819
7423
44309
30946
29493
11021
28969
19612
42315
5524
4737
49496
48510
35136
27592
42077
46921
45141
40109
25284
15595
28223
33371
46342
43839
2648
31585
48475
11178
3938
29970
30701
7584
4316
8055
12703
31046
23379
9938
47789
9516
29550
44514
36365
6879
41352
35920
10370
30268
44257
38543
24105
39323
1706
12609
38625
46915
10511
7136
7983
49278
36339
36248
40744
33712
31037
8940
325
32434
12701
30655
22209
29639
25256
34821
27415
36165
42513
24998
37066
4029
46474
39376
44224
3
24634
35178
47653
11921
39088
18039
36755
13617
48774
12302
